trainerr
0.585024456546
0.854198017888
1.09295515048
1.12086217328
1.10384480592
1.06362615587
1.08716587189
1.09080343338
1.10545167713
1.1306973143
1.18351368877
1.13562881283
1.10137615504
1.07074425863
1.03543175547
1.03569090783
1.00045338031
0.953432634741
0.924264690037
0.902028400057
0.881117255697
0.867408603769
0.87176279574
0.864985095373
0.866305439603
0.854269562596
0.83970773644
0.823210118804
0.819112461279
0.802643126501
valerr
0.58609261689
0.855094983776
1.09304431833
1.12130379132
1.10478886952
1.06393482017
1.08743000942
1.0909237758
1.10424218542
1.1310574228
1.18334330715
1.13639483772
1.10167276434
1.06999849531
1.0356251276
1.03551955939
1.00000506767
0.953438103377
0.924581740724
0.902439470144
0.880778413858
0.86763993996
0.8721701051
0.864785650221
0.867706740083
0.853890336186
0.839044375728
0.822947025739
0.818789973581
0.80537248321
