trainerr
4.61410573861
4.73139420971
4.96682529418
5.32791133216
5.31882905598
5.12078387732
5.08955063177
5.0470895056
5.1132270993
5.12893341867
5.09606165262
5.09657355522
4.95396239708
4.83585306578
4.83426110346
4.7175629574
4.67019973613
4.6236839305
4.58740209335
4.50095011462
4.44519223348
4.44483517084
4.42997913967
4.46147895846
4.48150400105
4.53455286502
4.58287652604
4.61868635139
4.67964687486
4.68611344359
4.74110740433
4.78724224629
4.81768742626
4.8288152503
4.85659379074
4.9032447734
4.91411955335
4.9534226914
4.98967811341
4.9919690359
5.03618900141
5.07447675056
5.14439961034
5.17214139226
5.21474802253
5.25852367606
5.27060618214
5.27648070245
5.32463910875
5.31077778486
5.29390800658
5.33649874782
5.36814277369
5.39619615
5.44337214225
5.49156678978
5.51655544305
5.56384694086
5.58164729272
5.60226878399
5.63058393267
5.64964207848
5.63341055131
5.66412051361
5.6642283083
5.64183353068
5.66671039835
5.66459499276
5.66463583125
5.66529448123
5.67779028508
5.65867740308
5.67084721134
5.67348399806
5.70180257159
5.70385529219
5.75118766697
5.77163969929
5.74789733702
5.78882470472
5.79419070561
5.79624081409
5.78419955464
5.8039287982
5.79146004344
5.7975727601
5.77885946115
5.75459115003
5.78740497302
5.79209063593
valerr
4.60846998925
4.72159501034
4.96606049741
5.32994635975
5.32468759313
5.1248033052
5.08872199404
5.06095746674
5.11812587727
5.12299184869
5.07700170539
5.10649162756
5.00134615283
4.85856323444
4.84907452566
4.71390451654
4.69241665472
4.60789429768
4.58573097472
4.51068155244
4.47894571771
4.44863759911
4.47288179471
4.45390881575
4.48970563831
4.53418723722
4.56027997389
4.60634816479
4.67537937066
4.71870245523
4.76035039603
4.8145264049
4.82085680995
4.86307970037
4.85568627682
4.90614510761
4.93014533442
4.95791127306
4.97486576859
5.0333677541
5.0480573547
5.08025960949
5.16028290274
5.1767697078
5.21939511008
5.26548336989
5.28015250732
5.27230336347
5.33591651972
5.32001019985
5.3027001624
5.34214420573
5.4009692285
5.41926271179
5.43310134272
5.49593425996
5.52782265896
5.57325531428
5.58315926408
5.62299779336
5.6405368165
5.6629982852
5.64088589236
5.66804027155
5.68137202318
5.66781947415
5.69393528442
5.68759254481
5.69990737456
5.67247412556
5.6820890336
5.67526311388
5.66358281138
5.68164903994
5.71121004835
5.73052118497
5.76960165007
5.76843765794
5.76877210721
5.78447742786
5.79781483319
5.81126734635
5.78885899646
5.80643232013
5.79548227746
5.82750955457
5.79332610193
5.78634464058
5.80578565079
5.79901197953
