trainerr
0.543567014113
0.558389137673
0.622628983092
0.569900023497
0.504925833887
0.524699170883
0.561856047702
0.574518921735
0.557758696945
0.608269825817
0.629050428492
0.665210999204
0.693568658599
0.683895534538
0.689029678815
0.682054535961
0.656896332794
0.626019358344
0.597950546861
0.5815347608
valerr
0.536204269302
0.558959292111
0.622845616094
0.574775923762
0.507797785359
0.523919357658
0.562480145507
0.577235227572
0.556292066153
0.609470396073
0.628855097507
0.667385648447
0.696547904805
0.68705061921
0.688537776131
0.682980490048
0.657497273194
0.627046990189
0.598057559626
0.585741826528
