trainerr
5.45439892147
5.45463235646
5.34554250207
5.34363429253
5.27247507897
5.16541440967
5.09770731546
5.17322960154
5.09964331432
4.96356717881
4.88172197639
4.81668560524
4.82707275482
4.82778242939
4.82086900916
4.80135228967
4.81771728128
4.80777229749
4.75151093244
4.72329591434
4.68649292627
4.67931812474
4.69754176139
4.72656647345
4.73815777135
4.76755887287
4.73128188591
4.70796711168
4.65059154969
4.61160382318
4.56524215636
4.53839699899
4.50051865342
4.48610378424
4.47316434038
4.46465517887
4.44976394427
4.45164264203
4.44543298108
4.44901674043
4.44227700257
4.44460730389
4.44926581837
4.45948504094
4.45987912891
4.47002516143
4.4731080581
4.48581276146
4.49000541768
4.49733812999
4.50826253895
4.51574628177
4.5217277503
4.52582814429
4.52308774581
4.53102927365
4.52939242045
4.52884432782
4.53600591475
4.53858075339
4.54562469068
4.5521033541
4.5542154998
4.55751366492
4.56361722074
4.55791865856
4.56563006404
4.57274875507
4.57159540124
4.57785898756
4.58473184247
4.58297345017
4.58859904211
4.58192002078
4.58520450287
4.58644935648
4.58465400631
4.57607727722
4.57239178291
4.56664377684
4.5583678637
4.55687258883
4.55011648769
4.5438986434
4.53930247691
4.53413507332
4.54123378009
4.53597556637
4.53490300345
4.54562630735
valerr
5.45413647577
5.45283971448
5.35209034065
5.34307629406
5.28446441372
5.1820884592
5.10468562927
5.17736702255
5.09424302217
4.96899666207
4.86913603687
4.8237166851
4.83703244322
4.82502787294
4.82919136365
4.81401271938
4.84114372687
4.81462229053
4.75783132448
4.72429106571
4.66635982174
4.68318025101
4.69974080616
4.70117521181
4.74758073804
4.76564071538
4.73033100722
4.71375662269
4.64854731418
4.64363455681
4.5667954808
4.54142764461
4.5208147906
4.53412388778
4.49911706962
4.48718782899
4.48711645968
4.43985765857
4.47797241644
4.46070258419
4.45850904659
4.45923645071
4.45119845014
4.50768281761
4.47160686375
4.47202708512
4.48682146315
4.51116409154
4.49374431038
4.50899782722
4.52407706742
4.5549146192
4.53592775312
4.54956822493
4.53657646802
4.52477818853
4.51640645524
4.53125066345
4.54766158972
4.54623877717
4.54287571137
4.56218524574
4.55845770305
4.55608579494
4.56821609935
4.56711031217
4.57847484919
4.57953968485
4.5741911098
4.58845860045
4.60897368667
4.59479902798
4.59957748868
4.59435027484
4.58603469167
4.61234397264
4.59262954262
4.57832880703
4.5786021091
4.58782127798
4.57047708259
4.56841560014
4.5571775292
4.55989308281
4.54369411976
4.54901670334
4.55038063173
4.54008134849
4.55086962712
4.53576258659
